Supplemental results for CODEML (seqf: RNASE1_for_PAML_aligned.phy  treef: Unrooted_tree_for_codeml_anc_branch.nwk)


dN/dS (w) for site classes (K=4)

site class             0        1       2a       2b
proportion       0.64934  0.27391  0.05398  0.02277
background w     0.05643  1.00000  0.05643  1.00000
foreground w     0.05643  1.00000  7.45952  7.45952

Naive Empirical Bayes (NEB) probabilities for 4 classes
(amino acids refer to 1st sequence: Tarsius_sy)

   1 M   0.96268 0.01165 0.02531 0.00036 ( 1)
   2 F   0.01745 0.92341 0.00105 0.05809 ( 2)
   3 L   0.87365 0.07830 0.04386 0.00420 ( 1)
   4 E   0.75290 0.22041 0.01991 0.00678 ( 1)
   5 K   0.96092 0.01329 0.02537 0.00041 ( 1)
   6 S   0.45231 0.51308 0.01521 0.01940 ( 2)
   7 L   0.49006 0.47779 0.01524 0.01691 ( 1)
   8 V   0.00089 0.96992 0.00002 0.02916 ( 2)
   9 L   0.03139 0.91784 0.00158 0.04920 ( 2)
  10 L   0.16384 0.80265 0.00510 0.02841 ( 2)
  11 P   0.23947 0.69921 0.01525 0.04607 ( 2)
  12 L   0.87365 0.07830 0.04386 0.00420 ( 1)
  13 L   0.01402 0.91853 0.00099 0.06646 ( 2)
  14 V   0.96070 0.01502 0.02384 0.00044 ( 1)
  15 L   0.87365 0.07830 0.04386 0.00420 ( 1)
  16 L   0.62574 0.34027 0.02109 0.01291 ( 1)
  17 L   0.87365 0.07830 0.04386 0.00420 ( 1)
  18 D   0.21591 0.75988 0.00465 0.01956 ( 2)
  19 L   0.86900 0.08293 0.04363 0.00444 ( 1)
  20 G   0.97254 0.00635 0.02095 0.00016 ( 1)
  21 K   0.00077 0.96950 0.00002 0.02970 ( 2)
  22 E   0.86707 0.08296 0.04537 0.00461 ( 1)
  23 S   0.94272 0.02465 0.03170 0.00093 ( 1)
  24 R   0.03630 0.56503 0.20462 0.19405 ( 2)
  25 A   0.96177 0.01104 0.02684 0.00036 ( 1)
  26 M   0.00021 0.81378 0.00075 0.18527 ( 2)
  27 K   0.95299 0.02129 0.02506 0.00065 ( 1)
  28 F   0.95406 0.01700 0.02836 0.00058 ( 1)
  29 Q   0.91183 0.04756 0.03842 0.00219 ( 1)
  30 R   0.92815 0.03513 0.03524 0.00148 ( 1)
  31 Q   0.91183 0.04756 0.03842 0.00219 ( 1)
  32 H   0.96604 0.01020 0.02346 0.00029 ( 1)
  33 M   0.80029 0.17336 0.02104 0.00530 ( 1)
  34 D   0.97832 0.00375 0.01785 0.00008 ( 1)
  35 S   0.20406 0.73014 0.01411 0.05169 ( 2)
  36 G   0.00009 0.97804 0.00000 0.02187 ( 2)
  37 S   0.33358 0.61049 0.01916 0.03677 ( 2)
  38 S   0.06414 0.52066 0.27334 0.14187 ( 2)
  39 S   0.90926 0.07177 0.01731 0.00166 ( 1)
  40 S   0.97697 0.00433 0.01860 0.00010 ( 1)
  41 N   0.00184 0.97612 0.00003 0.02201 ( 2)
  42 T   0.00023 0.77986 0.00101 0.21891 ( 2)
  43 T   0.96606 0.00973 0.02393 0.00028 ( 1)
  44 Y   0.96391 0.01095 0.02482 0.00033 ( 1)
  45 C   0.95588 0.01645 0.02713 0.00054 ( 1)
  46 N   0.97591 0.00393 0.02006 0.00010 ( 1)
  47 E   0.00000 0.97812 0.00000 0.02188 ( 2)
  48 M   0.96268 0.01165 0.02531 0.00036 ( 1)
  49 M   0.96268 0.01165 0.02531 0.00036 ( 1)
  50 R   0.12192 0.82348 0.00673 0.04788 ( 2)
  51 R   0.96157 0.01232 0.02573 0.00038 ( 1)
  52 R   0.92815 0.03513 0.03524 0.00148 ( 1)
  53 N   0.36145 0.58914 0.01803 0.03138 ( 2)
  54 L   0.76869 0.20484 0.02021 0.00627 ( 1)
  55 T   0.80232 0.13861 0.05009 0.00898 ( 1)
  56 Q   0.00375 0.95226 0.00016 0.04384 ( 2)
  57 G   0.86443 0.07786 0.05276 0.00494 ( 1)
  58 R   0.00017 0.72506 0.00105 0.27372 ( 2)
  59 C   0.95750 0.01483 0.02718 0.00048 ( 1)
  60 K   0.90290 0.04803 0.04644 0.00263 ( 1)
  61 P   0.07525 0.17327 0.66287 0.08861 ( 3)
  62 V   0.94267 0.02463 0.03176 0.00093 ( 1)
  63 N   0.97812 0.00381 0.01799 0.00009 ( 1)
  64 T   0.96606 0.00973 0.02393 0.00028 ( 1)
  65 F   0.81281 0.12980 0.04920 0.00818 ( 1)
  66 V   0.94057 0.02477 0.03367 0.00099 ( 1)
  67 H   0.96498 0.01126 0.02344 0.00032 ( 1)
  68 E   0.95765 0.01652 0.02532 0.00051 ( 1)
  69 P   0.95017 0.01953 0.02960 0.00069 ( 1)
  70 L   0.87365 0.07830 0.04386 0.00420 ( 1)
  71 E   0.24660 0.69316 0.01538 0.04486 ( 2)
  72 D   0.88531 0.06645 0.04467 0.00358 ( 1)
  73 V   0.96602 0.00973 0.02397 0.00028 ( 1)
  74 Q   0.91183 0.04756 0.03842 0.00219 ( 1)
  75 A   0.00305 0.94590 0.00015 0.05089 ( 2)
  76 V   0.81646 0.15865 0.02026 0.00462 ( 1)
  77 C   0.95480 0.01752 0.02710 0.00057 ( 1)
  78 F   0.95406 0.01700 0.02836 0.00058 ( 1)
  79 Q   0.91183 0.04756 0.03842 0.00219 ( 1)
  80 G   0.32907 0.61932 0.01722 0.03439 ( 2)
  81 N   0.00509 0.94436 0.00025 0.05030 ( 2)
  82 V   0.82660 0.14856 0.02051 0.00433 ( 1)
  83 N   0.80425 0.17086 0.01993 0.00496 ( 1)
  84 C   0.95729 0.01505 0.02717 0.00049 ( 1)
  85 K   0.96276 0.01156 0.02532 0.00035 ( 1)
  86 N   0.97555 0.00636 0.01794 0.00014 ( 1)
  87 G   0.95237 0.01809 0.02892 0.00063 ( 1)
  88 Q   0.91183 0.04756 0.03842 0.00219 ( 1)
  89 T   0.00000 0.59356 0.00000 0.40644 ( 2)
  90 N   0.97812 0.00381 0.01799 0.00009 ( 1)
  91 C   0.95750 0.01483 0.02718 0.00048 ( 1)
  92 Y   0.72702 0.24684 0.01872 0.00741 ( 1)
  93 R   0.79812 0.17551 0.02099 0.00538 ( 1)
  94 S   0.97697 0.00433 0.01860 0.00010 ( 1)
  95 S   0.00133 0.97379 0.00003 0.02485 ( 2)
  96 S   0.93803 0.02931 0.03154 0.00111 ( 1)
  97 S   0.00144 0.97595 0.00003 0.02258 ( 2)
  98 M   0.96268 0.01165 0.02531 0.00036 ( 1)
  99 H   0.00084 0.97134 0.00002 0.02779 ( 2)
 100 I   0.96958 0.00780 0.02241 0.00021 ( 1)
 101 T   0.91036 0.06519 0.02255 0.00189 ( 1)
 102 D   0.00165 0.00216 0.99153 0.00466 ( 3)
 103 C   0.95750 0.01483 0.02718 0.00048 ( 1)
 104 R   0.20455 0.05481 0.72788 0.01276 ( 3)
 105 L   0.87365 0.07830 0.04386 0.00420 ( 1)
 106 T   0.88517 0.08189 0.02983 0.00311 ( 1)
 107 G   0.00000 0.35618 0.00004 0.64378 ( 4)
 108 S   0.31266 0.66352 0.00674 0.01708 ( 2)
 109 S   0.94272 0.02465 0.03170 0.00093 ( 1)
 110 K   0.00058 0.96687 0.00002 0.03254 ( 2)
 111 Y   0.96391 0.01095 0.02482 0.00033 ( 1)
 112 P   0.95017 0.01953 0.02960 0.00069 ( 1)
 113 N   0.97812 0.00381 0.01799 0.00009 ( 1)
 114 C   0.81224 0.13029 0.04924 0.00822 ( 1)
 115 A   0.81617 0.12424 0.05147 0.00812 ( 1)
 116 Y   0.96391 0.01095 0.02482 0.00033 ( 1)
 117 R   0.04549 0.54538 0.23421 0.17492 ( 2)
 118 T   0.21334 0.75931 0.00529 0.02206 ( 2)
 119 T   0.33957 0.63918 0.00646 0.01479 ( 2)
 120 R   0.00017 0.95582 0.00001 0.04400 ( 2)
 121 K   0.96276 0.01156 0.02532 0.00035 ( 1)
 122 E   0.96240 0.01180 0.02544 0.00036 ( 1)
 123 R   0.01589 0.60153 0.11782 0.26476 ( 2)
 124 H   0.01449 0.95776 0.00035 0.02739 ( 2)
 125 I   0.96958 0.00780 0.02241 0.00021 ( 1)
 126 I   0.84586 0.10131 0.04690 0.00592 ( 1)
 127 V   0.94267 0.02463 0.03176 0.00093 ( 1)
 128 A   0.95812 0.01672 0.02465 0.00050 ( 1)
 129 C   0.82031 0.12224 0.04973 0.00772 ( 1)
 130 E   0.12167 0.11636 0.71989 0.04209 ( 3)
 131 G   0.95100 0.01945 0.02888 0.00067 ( 1)
 132 N   0.00221 0.97575 0.00004 0.02200 ( 2)
 133 P   0.82789 0.10998 0.05465 0.00748 ( 1)
 134 Y   0.24799 0.69343 0.01497 0.04361 ( 2)
 135 V   0.66149 0.30467 0.02229 0.01156 ( 1)
 136 P   0.87850 0.09091 0.02737 0.00322 ( 1)
 137 V   0.96420 0.01154 0.02393 0.00034 ( 1)
 138 H   0.96717 0.00908 0.02349 0.00026 ( 1)
 139 F   0.95118 0.01987 0.02827 0.00068 ( 1)
 140 D   0.87433 0.07739 0.04411 0.00416 ( 1)
 141 A   0.81390 0.12885 0.04915 0.00811 ( 1)
 142 S   0.78215 0.15642 0.05092 0.01051 ( 1)
 143 V   0.94267 0.02463 0.03176 0.00093 ( 1)
 144 E   0.78204 0.19140 0.02068 0.00589 ( 1)
 145 D   0.90538 0.07639 0.01652 0.00171 ( 1)


lnL = -1947.079315

Bayes Empirical Bayes (BEB) probabilities for 4 classes (class)
(amino acids refer to 1st sequence: Tarsius_sy)

   1 M   0.92815 0.01156 0.05942 0.00086 ( 1)
   2 F   0.01324 0.88981 0.00137 0.09558 ( 2)
   3 L   0.83704 0.07804 0.07725 0.00767 ( 1)
   4 E   0.70136 0.23622 0.04485 0.01757 ( 1)
   5 K   0.92648 0.01320 0.05934 0.00098 ( 1)
   6 S   0.40344 0.52418 0.02942 0.04295 ( 2)
   7 L   0.43937 0.49106 0.03063 0.03893 ( 2)
   8 V   0.00057 0.93141 0.00004 0.06798 ( 2)
   9 L   0.02394 0.88685 0.00221 0.08701 ( 2)
  10 L   0.13526 0.79268 0.00940 0.06265 ( 2)
  11 P   0.20778 0.69349 0.02222 0.07650 ( 2)
  12 L   0.83704 0.07804 0.07725 0.00767 ( 1)
  13 L   0.01063 0.88496 0.00122 0.10320 ( 2)
  14 V   0.92652 0.01493 0.05746 0.00109 ( 1)
  15 L   0.83704 0.07804 0.07725 0.00767 ( 1)
  16 L   0.57171 0.35720 0.04175 0.02934 ( 1)
  17 L   0.83704 0.07804 0.07725 0.00767 ( 1)
  18 D   0.17240 0.76564 0.00983 0.05213 ( 2)
  19 L   0.83240 0.08265 0.07682 0.00812 ( 1)
  20 G   0.93909 0.00629 0.05419 0.00043 ( 1)
  21 K   0.00050 0.93100 0.00003 0.06847 ( 2)
  22 E   0.83042 0.08268 0.07861 0.00828 ( 1)
  23 S   0.90700 0.02453 0.06645 0.00202 ( 1)
  24 R   0.02870 0.57045 0.19343 0.20743 ( 2)
  25 A   0.92695 0.01095 0.06127 0.00083 ( 1)
  26 M   0.00013 0.77826 0.00064 0.22097 ( 2)
  27 K   0.91853 0.02120 0.05870 0.00158 ( 1)
  28 F   0.91889 0.01690 0.06289 0.00132 ( 1)
  29 Q   0.87546 0.04740 0.07284 0.00430 ( 1)
  30 R   0.89207 0.03499 0.06991 0.00303 ( 1)
  31 Q   0.87546 0.04740 0.07284 0.00430 ( 1)
  32 H   0.93204 0.01012 0.05712 0.00073 ( 1)
  33 M   0.75091 0.18722 0.04796 0.01391 ( 1)
  34 D   0.94604 0.00370 0.05003 0.00024 ( 1)
  35 S   0.17628 0.72089 0.01988 0.08295 ( 2)
  36 G   0.00006 0.94010 0.00000 0.05984 ( 2)
  37 S   0.29297 0.61341 0.02935 0.06427 ( 2)
  38 S   0.05051 0.52384 0.26826 0.15739 ( 2)
  39 S   0.86900 0.07880 0.04701 0.00518 ( 1)
  40 S   0.94428 0.00428 0.05116 0.00028 ( 1)
  41 N   0.00118 0.93885 0.00006 0.05991 ( 2)
  42 T   0.00015 0.75170 0.00082 0.24733 ( 2)
  43 T   0.93185 0.00964 0.05780 0.00070 ( 1)
  44 Y   0.92949 0.01086 0.05885 0.00080 ( 1)
  45 C   0.92089 0.01635 0.06151 0.00125 ( 1)
  46 N   0.94309 0.00388 0.05277 0.00026 ( 1)
  47 E   0.00000 0.94015 0.00000 0.05985 ( 2)
  48 M   0.92815 0.01156 0.05942 0.00086 ( 1)
  49 M   0.92815 0.01156 0.05942 0.00086 ( 1)
  50 R   0.09525 0.81204 0.00931 0.08340 ( 2)
  51 R   0.92695 0.01223 0.05991 0.00092 ( 1)
  52 R   0.89207 0.03499 0.06991 0.00303 ( 1)
  53 N   0.31850 0.59411 0.02925 0.05814 ( 2)
  54 L   0.71772 0.22011 0.04582 0.01634 ( 1)
  55 T   0.76615 0.13791 0.08088 0.01505 ( 1)
  56 Q   0.00258 0.91458 0.00021 0.08262 ( 2)
  57 G   0.82788 0.07759 0.08615 0.00837 ( 1)
  58 R   0.00011 0.71021 0.00080 0.28889 ( 2)
  59 C   0.92252 0.01474 0.06162 0.00113 ( 1)
  60 K   0.86625 0.04783 0.08116 0.00475 ( 1)
  61 P   0.07313 0.19727 0.64124 0.08836 ( 3)
  62 V   0.90703 0.02451 0.06644 0.00202 ( 1)
  63 N   0.94587 0.00376 0.05013 0.00024 ( 1)
  64 T   0.93185 0.00964 0.05780 0.00070 ( 1)
  65 F   0.77651 0.12919 0.08041 0.01389 ( 1)
  66 V   0.90474 0.02464 0.06854 0.00208 ( 1)
  67 H   0.93097 0.01118 0.05705 0.00081 ( 1)
  68 E   0.92313 0.01643 0.05921 0.00123 ( 1)
  69 P   0.91482 0.01942 0.06421 0.00155 ( 1)
  70 L   0.83704 0.07804 0.07725 0.00767 ( 1)
  71 E   0.21416 0.68811 0.02260 0.07513 ( 2)
  72 D   0.84868 0.06621 0.07859 0.00652 ( 1)
  73 V   0.93186 0.00965 0.05779 0.00070 ( 1)
  74 Q   0.87546 0.04740 0.07284 0.00430 ( 1)
  75 A   0.00210 0.90838 0.00019 0.08933 ( 2)
  76 V   0.76821 0.17178 0.04753 0.01247 ( 1)
  77 C   0.91981 0.01742 0.06143 0.00134 ( 1)
  78 F   0.91889 0.01690 0.06289 0.00132 ( 1)
  79 Q   0.87546 0.04740 0.07284 0.00430 ( 1)
  80 G   0.28875 0.62169 0.02731 0.06225 ( 2)
  81 N   0.00350 0.90744 0.00032 0.08874 ( 2)
  82 V   0.77898 0.16111 0.04821 0.01170 ( 1)
  83 N   0.75522 0.18466 0.04672 0.01340 ( 1)
  84 C   0.92230 0.01495 0.06160 0.00115 ( 1)
  85 K   0.92834 0.01147 0.05933 0.00085 ( 1)
  86 N   0.94330 0.00631 0.04999 0.00041 ( 1)
  87 G   0.91713 0.01798 0.06348 0.00142 ( 1)
  88 Q   0.87546 0.04740 0.07284 0.00430 ( 1)
  89 T   0.00000 0.60972 0.00000 0.39028 ( 2)
  90 N   0.94587 0.00376 0.05013 0.00024 ( 1)
  91 C   0.92252 0.01474 0.06162 0.00113 ( 1)
  92 Y   0.67459 0.26347 0.04256 0.01939 ( 1)
  93 R   0.74870 0.18949 0.04774 0.01407 ( 1)
  94 S   0.94428 0.00428 0.05116 0.00028 ( 1)
  95 S   0.00085 0.93601 0.00005 0.06309 ( 2)
  96 S   0.90230 0.02919 0.06610 0.00240 ( 1)
  97 S   0.00093 0.93828 0.00005 0.06074 ( 2)
  98 M   0.92815 0.01156 0.05942 0.00086 ( 1)
  99 H   0.00054 0.93299 0.00003 0.06644 ( 2)
 100 I   0.93584 0.00772 0.05589 0.00055 ( 1)
 101 T   0.87580 0.06518 0.05428 0.00474 ( 1)
 102 D   0.00212 0.00364 0.98949 0.00475 ( 3)
 103 C   0.92252 0.01474 0.06162 0.00113 ( 1)
 104 R   0.18621 0.05827 0.74217 0.01336 ( 3)
 105 L   0.83704 0.07804 0.07725 0.00767 ( 1)
 106 T   0.84931 0.08174 0.06222 0.00673 ( 1)
 107 G   0.00000 0.41251 0.00002 0.58747 ( 4)
 108 S   0.25517 0.68366 0.01456 0.04662 ( 2)
 109 S   0.90700 0.02453 0.06645 0.00202 ( 1)
 110 K   0.00037 0.92821 0.00002 0.07140 ( 2)
 111 Y   0.92949 0.01086 0.05885 0.00080 ( 1)
 112 P   0.91482 0.01942 0.06421 0.00155 ( 1)
 113 N   0.94587 0.00376 0.05013 0.00024 ( 1)
 114 C   0.77595 0.12968 0.08042 0.01395 ( 1)
 115 A   0.77992 0.12367 0.08285 0.01357 ( 1)
 116 Y   0.92949 0.01086 0.05885 0.00080 ( 1)
 117 R   0.03597 0.55078 0.22412 0.18913 ( 2)
 118 T   0.17023 0.76431 0.01045 0.05500 ( 2)
 119 T   0.27890 0.66303 0.01492 0.04314 ( 2)
 120 R   0.00011 0.91704 0.00001 0.08285 ( 2)
 121 K   0.92834 0.01147 0.05933 0.00085 ( 1)
 122 E   0.92790 0.01171 0.05952 0.00087 ( 1)
 123 R   0.01258 0.60861 0.10700 0.27181 ( 2)
 124 H   0.01004 0.92359 0.00061 0.06577 ( 2)
 125 I   0.93584 0.00772 0.05589 0.00055 ( 1)
 126 I   0.80930 0.10093 0.07937 0.01040 ( 1)
 127 V   0.90703 0.02451 0.06644 0.00202 ( 1)
 128 A   0.92367 0.01663 0.05848 0.00123 ( 1)
 129 C   0.78395 0.12170 0.08125 0.01309 ( 1)
 130 E   0.11495 0.12879 0.71330 0.04296 ( 3)
 131 G   0.91576 0.01934 0.06338 0.00153 ( 1)
 132 N   0.00142 0.93861 0.00007 0.05990 ( 2)
 133 P   0.79162 0.10953 0.08656 0.01229 ( 1)
 134 Y   0.21537 0.68844 0.02226 0.07393 ( 2)
 135 V   0.60754 0.32165 0.04439 0.02642 ( 1)
 136 P   0.84288 0.09077 0.05912 0.00723 ( 1)
 137 V   0.93003 0.01145 0.05768 0.00083 ( 1)
 138 H   0.93316 0.00900 0.05719 0.00065 ( 1)
 139 F   0.91599 0.01977 0.06269 0.00155 ( 1)
 140 D   0.83769 0.07714 0.07757 0.00760 ( 1)
 141 A   0.77760 0.12825 0.08039 0.01377 ( 1)
 142 S   0.74626 0.15551 0.08089 0.01733 ( 1)
 143 V   0.90703 0.02451 0.06644 0.00202 ( 1)
 144 E   0.73177 0.20608 0.04682 0.01534 ( 1)
 145 D   0.86505 0.08386 0.04567 0.00543 ( 1)

