Supplemental results for CODEML (seqf: RNASE1_for_PAML_aligned.phy  treef: Unrooted_tree_for_codeml_anc_branch.nwk)


dN/dS (w) for site classes (K=4)

site class             0        1       2a       2b
proportion       0.55430  0.23383  0.14901  0.06286
background w     0.05645  1.00000  0.05645  1.00000
foreground w     0.05645  1.00000  1.00000  1.00000

Naive Empirical Bayes (NEB) probabilities for 4 classes
(amino acids refer to 1st sequence: Tarsius_sy)

   1 M   0.81194 0.00916 0.17643 0.00246 ( 1)
   2 F   0.01489 0.77342 0.00378 0.20791 ( 2)
   3 L   0.73796 0.06397 0.18088 0.01720 ( 1)
   4 E   0.63932 0.17477 0.13892 0.04698 ( 1)
   5 K   0.81075 0.01046 0.17598 0.00281 ( 1)
   6 S   0.38526 0.41530 0.08779 0.11164 ( 2)
   7 L   0.41817 0.38471 0.09371 0.10342 ( 1)
   8 V   0.00077 0.78739 0.00017 0.21167 ( 2)
   9 L   0.02694 0.76169 0.00660 0.20476 ( 2)
  10 L   0.14140 0.65172 0.03169 0.17520 ( 2)
  11 P   0.20400 0.58617 0.05226 0.15758 ( 2)
  12 L   0.73796 0.06397 0.18088 0.01720 ( 1)
  13 L   0.01198 0.77623 0.00313 0.20867 ( 2)
  14 V   0.81093 0.01181 0.17409 0.00317 ( 1)
  15 L   0.73796 0.06397 0.18088 0.01720 ( 1)
  16 L   0.53144 0.27394 0.12097 0.07364 ( 1)
  17 L   0.73796 0.06397 0.18088 0.01720 ( 1)
  18 D   0.18719 0.60972 0.03919 0.16391 ( 2)
  19 L   0.73409 0.06777 0.17993 0.01822 ( 1)
  20 G   0.82168 0.00497 0.17201 0.00134 ( 1)
  21 K   0.00067 0.78749 0.00015 0.21169 ( 2)
  22 E   0.73256 0.06808 0.18106 0.01830 ( 1)
  23 S   0.79407 0.01969 0.18095 0.00529 ( 1)
  24 R   0.04134 0.61818 0.17429 0.16618 ( 2)
  25 A   0.81075 0.00873 0.17817 0.00235 ( 1)
  26 M   0.00022 0.78729 0.00085 0.21164 ( 2)
  27 K   0.80430 0.01676 0.17444 0.00451 ( 1)
  28 F   0.80396 0.01346 0.17896 0.00362 ( 1)
  29 Q   0.76899 0.03828 0.18244 0.01029 ( 1)
  30 R   0.78200 0.02832 0.18208 0.00761 ( 1)
  31 Q   0.76899 0.03828 0.18244 0.01029 ( 1)
  32 H   0.81566 0.00797 0.17423 0.00214 ( 1)
  33 M   0.67864 0.13705 0.14747 0.03684 ( 1)
  34 D   0.82884 0.00290 0.16748 0.00078 ( 1)
  35 S   0.17381 0.61552 0.04520 0.16547 ( 2)
  36 G   0.00008 0.78806 0.00002 0.21185 ( 2)
  37 S   0.28386 0.50816 0.07137 0.13661 ( 2)
  38 S   0.06795 0.52080 0.27124 0.14000 ( 2)
  39 S   0.77148 0.05584 0.15767 0.01501 ( 1)
  40 S   0.82677 0.00336 0.16897 0.00090 ( 1)
  41 N   0.00162 0.78659 0.00033 0.21145 ( 2)
  42 T   0.00024 0.78718 0.00097 0.21161 ( 2)
  43 T   0.81516 0.00764 0.17514 0.00205 ( 1)
  44 Y   0.81308 0.00861 0.17599 0.00231 ( 1)
  45 C   0.80558 0.01302 0.17790 0.00350 ( 1)
  46 N   0.82607 0.00305 0.17006 0.00082 ( 1)
  47 E   0.00000 0.78813 0.00000 0.21187 ( 2)
  48 M   0.81194 0.00916 0.17643 0.00246 ( 1)
  49 M   0.81194 0.00916 0.17643 0.00246 ( 1)
  50 R   0.10424 0.68548 0.02602 0.18427 ( 2)
  51 R   0.81085 0.00972 0.17682 0.00261 ( 1)
  52 R   0.78200 0.02832 0.18208 0.00761 ( 1)
  53 N   0.30795 0.48597 0.07543 0.13064 ( 2)
  54 L   0.65257 0.16206 0.14180 0.04357 ( 1)
  55 T   0.67985 0.11554 0.17354 0.03106 ( 1)
  56 Q   0.00324 0.78498 0.00077 0.21102 ( 2)
  57 G   0.73176 0.06480 0.18603 0.01742 ( 1)
  58 R   0.00019 0.78735 0.00080 0.21166 ( 2)
  59 C   0.80691 0.01174 0.17820 0.00316 ( 1)
  60 K   0.76229 0.03933 0.18781 0.01057 ( 1)
  61 P   0.11823 0.26854 0.54104 0.07219 ( 3)
  62 V   0.79423 0.01969 0.18079 0.00529 ( 1)
  63 N   0.82884 0.00294 0.16743 0.00079 ( 1)
  64 T   0.81516 0.00764 0.17514 0.00205 ( 1)
  65 F   0.68848 0.10778 0.17476 0.02897 ( 1)
  66 V   0.79249 0.01985 0.18232 0.00534 ( 1)
  67 H   0.81479 0.00880 0.17404 0.00237 ( 1)
  68 E   0.80792 0.01302 0.17556 0.00350 ( 1)
  69 P   0.80062 0.01552 0.17969 0.00417 ( 1)
  70 L   0.73796 0.06397 0.18088 0.01720 ( 1)
  71 E   0.21000 0.58039 0.05359 0.15602 ( 2)
  72 D   0.74747 0.05440 0.18351 0.01462 ( 1)
  73 V   0.81528 0.00764 0.17503 0.00205 ( 1)
  74 Q   0.76899 0.03828 0.18244 0.01029 ( 1)
  75 A   0.00261 0.78557 0.00064 0.21118 ( 2)
  76 V   0.69231 0.12536 0.14863 0.03370 ( 1)
  77 C   0.80469 0.01387 0.17771 0.00373 ( 1)
  78 F   0.80396 0.01346 0.17896 0.00362 ( 1)
  79 Q   0.76899 0.03828 0.18244 0.01029 ( 1)
  80 G   0.28040 0.51252 0.06930 0.13778 ( 2)
  81 N   0.00436 0.78385 0.00107 0.21072 ( 2)
  82 V   0.70079 0.11724 0.15045 0.03152 ( 1)
  83 N   0.68226 0.13489 0.14659 0.03626 ( 1)
  84 C   0.80673 0.01191 0.17816 0.00320 ( 1)
  85 K   0.81229 0.00910 0.17617 0.00245 ( 1)
  86 N   0.82676 0.00492 0.16701 0.00132 ( 1)
  87 G   0.80244 0.01440 0.17929 0.00387 ( 1)
  88 Q   0.76899 0.03828 0.18244 0.01029 ( 1)
  89 T   0.00000 0.78813 0.00000 0.21187 ( 2)
  90 N   0.82884 0.00294 0.16743 0.00079 ( 1)
  91 C   0.80691 0.01174 0.17820 0.00316 ( 1)
  92 Y   0.61801 0.19564 0.13377 0.05259 ( 1)
  93 R   0.67703 0.13882 0.14683 0.03732 ( 1)
  94 S   0.82677 0.00336 0.16897 0.00090 ( 1)
  95 S   0.00117 0.78702 0.00024 0.21157 ( 2)
  96 S   0.79021 0.02342 0.18008 0.00630 ( 1)
  97 S   0.00127 0.78693 0.00026 0.21154 ( 2)
  98 M   0.81194 0.00916 0.17643 0.00246 ( 1)
  99 H   0.00074 0.78743 0.00016 0.21168 ( 2)
 100 I   0.81894 0.00609 0.17333 0.00164 ( 1)
 101 T   0.76948 0.05138 0.16533 0.01381 ( 1)
 102 D   0.01354 0.01676 0.96520 0.00450 ( 3)
 103 C   0.80691 0.01174 0.17820 0.00316 ( 1)
 104 R   0.19283 0.04835 0.74582 0.01300 ( 3)
 105 L   0.73796 0.06397 0.18088 0.01720 ( 1)
 106 T   0.74669 0.06560 0.17008 0.01763 ( 1)
 107 G   0.00000 0.78812 0.00001 0.21186 ( 2)
 108 S   0.27015 0.53064 0.05655 0.14265 ( 2)
 109 S   0.79407 0.01969 0.18095 0.00529 ( 1)
 110 K   0.00050 0.78765 0.00011 0.21174 ( 2)
 111 Y   0.81308 0.00861 0.17599 0.00231 ( 1)
 112 P   0.80062 0.01552 0.17969 0.00417 ( 1)
 113 N   0.82884 0.00294 0.16743 0.00079 ( 1)
 114 C   0.68791 0.10830 0.17468 0.02911 ( 1)
 115 A   0.69162 0.10365 0.17687 0.02786 ( 1)
 116 Y   0.81308 0.00861 0.17599 0.00231 ( 1)
 117 R   0.05073 0.58243 0.21027 0.15657 ( 2)
 118 T   0.18454 0.61144 0.03965 0.16437 ( 2)
 119 T   0.29475 0.50835 0.06024 0.13666 ( 2)
 120 R   0.00015 0.78799 0.00003 0.21183 ( 2)
 121 K   0.81229 0.00910 0.17617 0.00245 ( 1)
 122 E   0.81181 0.00929 0.17640 0.00250 ( 1)
 123 R   0.01912 0.70624 0.08479 0.18985 ( 2)
 124 H   0.01270 0.77599 0.00271 0.20860 ( 2)
 125 I   0.81894 0.00609 0.17333 0.00164 ( 1)
 126 I   0.71532 0.08355 0.17867 0.02246 ( 1)
 127 V   0.79423 0.01969 0.18079 0.00529 ( 1)
 128 A   0.80826 0.01318 0.17502 0.00354 ( 1)
 129 C   0.69469 0.10160 0.17640 0.02731 ( 1)
 130 E   0.15587 0.14337 0.66221 0.03854 ( 3)
 131 G   0.80132 0.01548 0.17904 0.00416 ( 1)
 132 N   0.00195 0.78628 0.00039 0.21137 ( 2)
 133 P   0.70233 0.09187 0.18110 0.02470 ( 1)
 134 Y   0.21118 0.57947 0.05357 0.15577 ( 2)
 135 V   0.56122 0.24513 0.12775 0.06590 ( 1)
 136 P   0.74151 0.07256 0.16643 0.01950 ( 1)
 137 V   0.81379 0.00907 0.17471 0.00244 ( 1)
 138 H   0.81658 0.00709 0.17442 0.00191 ( 1)
 139 F   0.80160 0.01573 0.17844 0.00423 ( 1)
 140 D   0.73834 0.06336 0.18126 0.01703 ( 1)
 141 A   0.68919 0.10714 0.17486 0.02880 ( 1)
 142 S   0.66339 0.13080 0.17064 0.03516 ( 1)
 143 V   0.79423 0.01969 0.18079 0.00529 ( 1)
 144 E   0.66349 0.15159 0.14417 0.04075 ( 1)
 145 D   0.76938 0.05923 0.15547 0.01592 ( 1)


lnL = -1948.781913

